p -6.069 0.004 -0.015 -5.459 -0.009 -0.011 -4.493 -0.029 -0.004 
p -0.120 -0.022 0.013 1.260 0.001 -0.024 2.782 0.026 -0.065 
p 2.344 5.039 -0.044 2.936 5.049 -0.060 3.589 5.060 -0.077 
p 4.064 4.639 -0.025 4.265 4.081 -0.031 4.919 2.272 -0.048 
p 6.821 0.299 -0.066 6.990 0.370 -2.302 7.193 0.456 -4.978 
p 3.054 1.722 -5.202 2.119 2.248 -5.100 1.084 2.831 -4.988 
p 1.021 3.174 -2.200 2.057 3.066 -1.355 4.072 2.858 0.287 
p 4.989 1.911 -2.586 3.751 1.727 -3.327 1.164 1.343 -4.876 
p -0.245 1.906 -3.440 -0.630 2.015 -3.156 -2.150 2.446 -2.036 
p -4.630 2.876 0.492 -2.720 2.567 1.963 -0.821 2.259 3.425 
p -0.584 1.978 3.654 0.701 1.412 3.158 2.033 0.826 2.644 
p 3.100 0.923 2.091 4.668 0.664 2.802 6.130 0.421 3.465 
p 4.793 1.013 6.591 3.286 1.682 6.389 -0.307 3.276 5.906 
p 0.270 0.595 5.882 -1.689 0.531 5.766 -3.627 0.467 5.651 
p -3.734 0.417 5.693 -5.403 0.448 5.282 -6.837 0.475 4.929 
p -7.313 0.279 3.013 -7.391 0.285 1.559 -7.481 0.293 -0.135 
